0-9%,10-19%,20-29%,30-39%,40-49%,50-59%,60-69%,70-79%,80+%,Heart disease_prevalence
12.20661499,13.73536447,12.37028111,12.74977069,13.63644539,13.91701588,10.47822881,7.284041654,3.62223701,7.9
11.35527607,12.3441671,10.81496363,11.56442928,12.53910156,13.75365789,13.72888975,9.602700645,4.296814083,7.8
10.98026607,11.89662795,13.13452032,12.86523854,12.35480889,13.17471163,12.36284715,9.018930107,4.212049355,11.0
10.96428571,11.58928571,13.52232143,13.89732143,13.5625,13.90625,11.36160714,7.691964286,3.504464286,8.6
12.26659751,13.08782849,11.65629322,11.90179806,12.92185339,13.5615491,12.04183956,8.525242047,4.036998617,9.2
11.81692642,11.14618268,13.76011048,14.26316828,12.56658118,13.37541921,12.02406786,6.934306569,4.113237325,10.0
11.94613821,12.5050813,11.61585366,11.875,11.77845528,12.65752033,13.63313008,8.43495935,5.553861789,10.4
11.49925182,12.80835164,13.53115675,12.13280013,12.01204092,13.41039754,12.8118519,7.857224113,3.936925191,9.1
11.50974267,11.34017552,13.02989737,11.10813625,12.13148892,14.16331995,13.36308196,8.84129109,4.51286628,9.8
9.811001844,11.45129072,10.95574677,9.618930547,12.3079287,14.87784266,15.15826675,10.89044253,4.928549478,10.8
12.80094218,13.17690757,12.60616493,11.85196929,12.80773673,13.43510067,12.13734061,7.551015786,3.632822232,9.4
10.31072346,11.59567012,10.91815279,10.03815902,11.51000701,15.16237053,14.20450121,10.67673857,5.583677284,11.0
11.30434783,12.72993311,12.16973244,10.68979933,12.00250836,14.29347826,12.52508361,9.280936455,5.004180602,10.7
10.69679849,11.78154426,11.62335217,10.96045198,12.08286252,14.99811676,13.55178908,9.145009416,5.16007533,10.6
12.20391006,12.71101621,11.25642223,11.10962834,12.87782745,14.0988857,12.35070394,9.061186362,4.330419697,9.9
12.72419041,13.15378836,12.15974109,12.68758789,13.28478684,12.83399796,11.47777842,7.634514246,4.043614787,8.2
11.40937146,11.53719733,12.43745663,11.73076221,12.17267448,13.71023703,13.31215076,8.851028085,4.839122019,9.4
11.13464201,11.68037794,11.48489045,10.26309359,10.87399202,14.2868779,14.05880916,10.65406858,5.563248351,11.7
8.66075595,9.547363509,10.87260849,9.594027065,12.86980868,16.33224452,16.29491367,10.61129258,5.216985534,11.2
11.99913481,11.88828205,11.32049965,11.06905316,11.29616612,13.899854,13.61866652,9.484669875,5.423673823,10.3
12.16724537,12.76041667,11.92853009,11.26302083,11.9212963,13.83825231,13.22337963,8.543113426,4.35474537,9.8
12.31514106,12.29117231,12.45056446,11.89568802,12.38584885,13.46324393,12.52606601,8.653915294,4.018360058,9.2
13.04436637,12.08840592,14.32510826,12.89321023,11.61859629,12.70937168,11.74524062,7.664024839,3.911675791,8.6
12.44322631,13.95197076,12.40668233,11.21900287,10.8431219,13.7274863,13.34377447,7.98486035,4.079874706,10.6
12.50823002,14.0211529,12.04734888,11.51362331,13.08958465,13.16382994,12.04034461,7.878405828,3.737479863,10.5
11.76621442,12.65035964,13.60777657,13.44169404,13.43680926,13.67982708,11.29727551,7.031641164,3.088402311,7.5
12.31631653,12.04691412,12.94492217,12.53401546,12.77620551,13.23337324,11.75302057,8.310656362,4.084576031,10.2
11.54720442,12.13939376,12.51499985,11.56281402,12.98231237,13.39108887,13.1179208,8.596989298,4.147276612,9.5
11.4282237,11.82376924,11.96373152,10.81360677,12.13412037,13.60068156,13.74064383,9.706079231,4.789143796,10.5
13.33418359,13.43940312,12.50199279,11.65067117,13.2034563,12.88460925,11.33182412,7.617256002,4.036603641,9.7
11.32857034,12.67766208,10.86493882,11.22216311,12.3470396,13.78353728,13.84434142,9.17382382,4.757923539,11.0
12.06121705,12.12194826,12.09765578,10.51864448,9.692700109,13.33657233,15.63221183,9.109680554,5.42936961,12.5
12.82086106,12.67146544,12.79369822,11.02132283,10.8719272,13.73081624,13.14681516,8.15564308,4.787450767,10.5
10.69789064,11.91237143,10.52937416,11.12208728,12.53413911,13.05712127,14.92242431,10.07612296,5.148468824,10.1
12.29732052,12.88458968,12.23620634,12.70220202,12.39090163,13.29138099,12.06718741,7.981130994,4.149080422,9.1
10.8860368,12.09602598,11.5277563,10.89376836,13.00061852,13.92647286,13.93227153,9.389979898,4.347069739,10.8
12.7204611,12.56226301,13.93220082,13.58865463,12.167602,12.70574852,11.92507205,6.522675565,3.875322312,7.6
10.82057209,12.60473851,10.56775498,10.62554175,12.73475874,13.74602716,13.37041318,10.0982375,5.431956082,11.1
10.35860024,12.2755366,14.69146092,11.05566801,11.42260275,13.18259062,13.14037689,9.103012329,4.770151645,8.6
11.43004521,12.19164366,11.88214947,11.06290014,12.57699427,15.21376339,12.92896805,8.890372303,3.823163516,9.8
11.69933086,14.27220768,21.09417412,12.7655681,11.81217633,11.43826133,9.213680531,5.318376733,2.386224312,6.3
11.812964,12.88809865,11.82232204,13.52132593,13.92996028,14.7056377,11.16829912,6.935346351,3.216045917,7.8
12.79326248,11.67034289,12.89352316,10.96851815,10.8582314,14.62803289,13.14417485,8.682574694,4.361339483,11.0
9.187049189,13.59618201,18.63983947,9.062313574,9.65887521,12.77184229,13.78057378,8.758609469,4.544715006,9.3
11.75327882,12.80206483,13.90350841,13.19495033,12.12679288,14.86280384,11.1538556,6.58929005,3.613455237,7.1
12.39903493,12.48295395,12.23119689,10.88324767,11.85356131,13.48473723,12.98122312,8.617434176,5.066610721,10.2
10.85912038,12.03507711,11.34294258,10.99687531,12.45842153,14.36347142,12.88176595,9.767160568,5.295165138,10.6
13.7364867,13.44827227,12.23610692,11.8771395,12.22570207,13.12884329,11.60245138,7.933700278,3.811297589,9.7
12.90781787,12.94503779,13.86997682,12.82008522,11.74650822,13.01899424,11.89442112,7.174500975,3.622657744,8.8
10.90805525,13.17700669,11.83842028,10.16281388,11.8953814,14.33046945,13.71339061,8.985617316,4.988845113,11.1
13.17044866,12.98751345,14.74643764,13.42248287,11.95280006,12.42719135,11.34729783,6.352236638,3.59359151,8.1
12.20179865,12.82906062,12.06576594,12.00698637,12.5998203,14.23809084,12.19760011,7.873103309,3.98777385,8.7
11.29102845,15.87527352,14.72647702,9.814004376,10.50328228,11.44420131,12.37417943,8.796498906,5.175054705,11.7
10.56776006,11.34015448,13.05045641,12.65924366,11.89186478,14.66044739,12.87992778,8.380981041,4.56916441,10.1
10.73849661,13.96004559,24.3985842,10.00659908,9.832623433,10.56152139,10.0485932,6.836042954,3.617493551,7.6
11.57315732,12.60286029,11.68316832,10.19581958,11.7579758,14.4290429,13.75577558,9.280528053,4.721672167,10.1
13.8263443,12.57160658,14.30054862,13.5027085,12.17009051,13.2050328,10.95861962,6.327339437,3.137709628,8.2
12.27308603,12.39824106,11.76457323,13.13789604,13.35889052,13.9406923,12.07576953,7.680685534,3.370165746,8.3
12.13173425,13.73019883,11.77801369,13.05706352,14.21047996,13.58648537,11.49661346,6.767049748,3.242361166,6.6
10.58230242,13.54503191,20.98337404,8.226302104,9.424001261,12.13458356,13.15893153,6.93404775,5.01142542,9.3
11.00741594,12.54948138,12.86140201,12.0233502,12.68978303,13.78463697,13.05932755,8.226436839,3.798166057,9.8
11.29219448,11.42553769,11.8749537,10.17112379,11.46257747,14.30476332,14.93443959,9.97357829,4.560831667,10.4
11.85672368,13.97820124,19.82853943,12.76620188,11.43788503,11.13488519,10.47096611,5.574622686,2.951974764,6.5
12.2066833,12.0293199,12.14860856,11.02478379,12.49077867,13.79196685,13.17197972,8.965484767,4.170394437,10.2
10.99645866,13.38380755,11.96116742,10.69117108,12.2786665,14.39736232,13.31053853,8.657955794,4.322872146,10.4
12.36473134,14.20909005,12.39296132,10.5674226,11.18848217,12.59998118,13.41865061,8.346664157,4.912016562,11.2
10.6635672,11.84277261,10.77345731,10.51986475,12.48098056,14.98309383,13.60946746,10.21555368,4.911242604,11.0
6.360300542,6.569980779,17.36851302,16.91420584,19.43036869,19.22068845,11.27031277,2.254062555,0.61156736,5.3
14.00880846,12.75614157,16.54775707,15.59453656,11.91062572,12.34761849,10.0285383,4.728371602,2.077602234,5.1
21.51954326,17.6438296,15.51383399,12.90623628,9.173254282,11.03974528,7.778875714,3.238910848,1.185770751,9.2
12.65678449,8.665906499,14.02508552,13.56898518,11.74458381,17.21778791,13.79703535,5.473204105,2.850627138,7.3
10.63623118,9.227780476,13.35599806,14.7158815,16.02719767,17.28994658,13.45313259,3.933948519,1.359883439,6.1
19.6,14.84,15.8,12.72,9.22,12.58,9.82,3.9,1.52,8.4
14.5436542,12.1975124,20.7434501,15.56112397,10.54349254,10.77386305,9.635145649,4.480100231,1.521657859,4.8
8.084074373,10.9135004,8.367016977,11.96443007,11.80274859,16.49151172,19.32093775,9.539207761,3.516572352,7.5
10.08833101,9.948860995,8.693630869,10.73919107,11.9944212,17.20130172,18.27057183,9.809390981,3.254300325,9.7
11.61834771,12.01071217,13.62065207,15.11225983,13.06324541,14.26213683,12.4591287,5.739108772,2.114408495,5.5
12.44597065,12.23583278,11.84118361,12.44597065,11.48070319,13.98527326,15.22730767,7.629883997,2.707874191,7.4
12.17847392,12.27906308,12.83948843,13.85256502,11.79767208,14.06811323,13.29932462,6.854433108,2.830866504,6.8
15.0093668,13.03859123,15.06931435,15.38403897,11.50243537,13.00861746,10.50580742,4.833270888,1.648557512,5.3
25.46067686,18.59568831,16.54823558,12.10405877,7.997109479,9.635071661,6.190533542,2.372636396,1.095989401,10.6
17.2652804,13.54757404,14.24070573,13.04347826,11.90926276,14.05166982,9.892879647,4.284814115,1.764335224,8.6
14.60273209,14.52560171,12.85196543,14.40572438,12.34457764,13.01273116,11.34559985,5.141715454,1.769352291,5.9
20.61350919,16.95643485,15.44764189,13.60911271,10.11191047,10.79136691,7.993605116,3.337330136,1.139088729,8.2
15.88330632,12.65194489,13.99918963,15.2856564,12.63168558,17.25081037,8.620340357,2.603322528,1.073743922,6.5
21.34011211,16.92087081,16.46460696,12.76235171,9.399035328,11.45874071,6.700560553,3.154738626,1.798983183,8.7
12.48059609,10.40049674,11.30083825,12.1701335,12.07699472,14.37441788,16.29928594,7.916796026,2.980440857,7.4
12.56617876,12.69075055,10.33945811,12.23917783,11.02460293,15.92961694,15.60261601,7.474307069,2.133291809,9.2
11.0095987,12.68648086,13.0449867,14.16676304,12.89464554,13.09124552,13.16063375,6.337458078,3.608187811,6.3
10.19163763,6.445993031,12.10801394,21.34146341,15.24390244,12.80487805,13.50174216,6.010452962,2.351916376,5.4
14.64296039,12.50361376,12.31569818,13.41428158,12.30124313,13.35646141,12.79271466,6.562590344,2.110436542,7.2
10.78705553,11.14662405,10.46743907,9.908110268,9.908110268,15.42149421,18.89732321,8.949260887,4.514582501,9.1
10.7615894,8.609271523,12.74834437,11.58940397,12.58278146,16.55629139,14.56953642,8.278145695,4.304635762,9.1
15.93767599,14.2481697,12.25830674,13.00919842,9.686502722,12.50234654,13.62868406,6.157311808,2.571804017,10.5
14.28054248,15.84421733,13.49661645,11.63496616,10.57534323,12.70015873,11.24648417,6.804700771,3.416970676,10.9
11.74883648,12.68438905,12.54003313,11.90818017,9.996844679,12.00757277,13.55762404,10.40151455,5.155005127,8.4
11.24154731,15.70414549,21.71517773,12.09486609,10.18312403,10.87613928,10.38612849,5.439119661,2.359751915,5.6
11.35111062,10.59771011,9.643897641,9.46018668,8.669672846,12.95069495,17.23171705,13.66698213,6.428027983,10.9
14.63017441,15.66242908,15.00315192,13.61105274,11.70939273,10.24637529,9.529312881,6.135742803,3.472368145,7.3
15.48033323,14.39417906,13.83528419,14.64726352,11.69461141,11.14626173,9.9546557,5.272593061,3.574818096,6.4
9.166745663,9.275760736,9.071949948,8.536354157,7.626315291,10.63133946,14.38524979,20.02085506,11.2854299,14.5
12.89763545,13.6165034,14.22292071,13.7470459,12.70526777,12.16559536,10.24971751,6.82652493,3.568788961,6.4
8.934860415,9.857790503,9.791935099,9.526604629,9.401574803,13.50226676,17.48651873,14.66857552,6.829873539,11.2
14.41984698,14.81280275,12.19521029,11.2399837,10.42057133,12.1698583,12.69862828,8.316356558,3.726741817,10.6
11.35050184,12.59170434,15.70438266,11.74874143,10.94369693,11.61362099,12.30731623,8.908517496,4.831518094,7.7
12.00322943,12.80253524,12.16156981,13.386024,12.06763907,11.07264424,12.43016697,10.11678721,3.959404032,8.0
14.22889209,15.52535959,12.37556707,10.69209434,11.02534884,11.88321042,11.77570897,8.402313431,4.091505235,8.6
8.473100481,9.777450182,9.211053782,8.865353696,9.176138935,13.43531917,19.55662455,14.71984068,6.785118517,9.9
14.11270554,14.01182305,15.7404963,12.41938829,10.06043521,10.10333384,9.358971941,8.848902549,5.34394328,8.6
13.18025775,11.79019641,11.75080196,10.87286848,12.05470201,13.60796893,13.43913557,8.340368057,4.963700827,10.3
12.57607503,12.43639629,11.5683927,10.490871,12.2867405,13.79327547,12.78559314,9.543050983,4.519604909,10.8
9.260193662,10.10836397,9.027127033,9.39715034,9.721521421,13.51546169,16.33869146,14.60390687,8.027583556,11.8
14.28057871,14.31946238,12.96513675,15.23616328,13.15405271,11.6009068,9.298333138,6.014497007,3.130869233,7.0
12.5506937,12.33191035,11.64087513,11.24066169,11.68089648,13.4791889,12.49733191,9.503735326,5.07470651,10.1
13.0127558,12.99440213,11.19574195,11.91153528,12.04001101,13.11370102,12.45296871,8.36009911,4.918784987,10.2
9.873033921,11.21849536,11.82490051,10.68789085,11.91965132,15.40648096,14.64847451,9.1529278,5.268144779,10.7
11.57566524,12.1602948,10.70403572,10.41703575,11.01938136,13.20199837,15.49445488,10.67569004,4.751443858,10.4
12.09043878,12.42575206,11.92757233,10.79708756,11.17072236,13.56581721,13.97777352,8.421153478,5.623682698,11.5
10.38937492,15.59312814,20.56570418,9.741172204,10.15819772,11.13276823,10.7202756,7.470196274,4.229182721,7.6
11.93507106,11.86098202,11.78689298,10.80352933,11.51747828,14.03650569,12.55472486,10.02222671,5.482589075,11.3
9.705587823,11.04346085,9.341077509,10.17824955,10.73502904,14.47226117,14.88483877,12.68576006,6.953735229,11.4
10.61361936,13.507109,10.51384385,11.01272138,12.27238713,14.28036917,13.41980544,9.45372911,4.926415565,10.8
11.50528954,15.42252624,17.24943706,10.48986702,10.02676637,11.87492034,11.18664231,7.392615881,4.851935251,9.1
12.28758796,12.2253602,11.27758365,11.50256091,11.64616342,14.27887607,12.94337274,8.735819252,5.102675793,9.9
13.95567346,14.22373294,15.50691796,13.95106763,11.95397852,11.30547726,9.748705761,6.005084839,3.349361632,7.5
12.92937577,13.81572722,12.0461786,12.19600669,12.60448538,13.36939722,11.71024824,7.620729899,3.707850992,9.2
14.92904721,14.70977618,13.35070953,12.34123536,11.7165198,12.92457904,10.63257623,6.290596169,3.10496049,8.7
12.62293116,13.13264572,11.71144159,11.41760614,12.40705205,13.46845766,12.05924682,8.821060206,4.359558647,9.9
10.93010304,12.39209134,10.76301866,10.76301866,10.4845447,13.49206349,14.9122807,10.21999443,6.04288499,10.9
13.92460042,13.87248089,10.92772759,11.25781793,10.49339819,13.09937457,13.63794302,8.330437804,4.456219597,11.6
11.6815801,13.78219118,16.69576604,10.99410738,10.814055,12.43998254,11.35421213,7.480357922,4.757747708,8.9
12.44491451,13.97689214,19.24346586,13.3006426,11.9385286,11.48822973,9.350511995,5.589474865,2.667339711,6.8
11.76866929,13.50926446,11.69006176,11.41493543,11.9427288,13.67209433,12.5491297,8.411005053,5.042111173,10.8
10.24533377,12.2992909,9.32431331,9.422120792,10.7425218,13.87236124,15.6981009,11.98141658,6.414540712,13.0
10.89819876,11.3066543,11.10494786,11.0373762,11.21992053,13.24908728,14.58539242,10.8084394,5.789983258,10.3
11.5405762,13.08005278,11.55157247,12.2223444,12.96459204,14.24015835,11.8979547,8.456124918,4.046624148,8.7
13.34362934,13.43629344,12.93767237,12.73248759,13.13403199,12.84280199,10.70932157,7.247655819,3.616105902,8.6
14.70033577,13.46764178,11.60020238,10.81367002,11.24143324,13.45844257,12.08316085,8.095303804,4.539809576,10.4
10.56348476,12.10943295,12.80970891,12.15394202,12.81861072,13.76813744,13.03522151,8.551675024,4.189786653,9.6
14.31676786,13.94198336,11.46090998,11.75324189,11.16108238,13.29735402,11.38595308,8.012892587,4.669814856,10.1
13.16948883,13.68703222,12.04947184,12.01762302,12.21933224,12.80588142,11.86103296,7.710069537,4.480067944,9.3
9.173839476,10.60840138,10.35091591,10.5863312,11.57948944,14.45596998,14.67667182,11.6751269,6.893253881,11.4
11.08202962,10.85003867,13.71126048,13.47926953,12.64648147,13.4911665,12.34310868,8.321932068,4.074712986,10.5
12.00927856,13.25131397,13.93252488,12.07387615,11.35743019,13.1984614,12.67287195,7.510937546,3.993305341,9.2
13.63024456,14.17246279,12.58694189,12.40370952,11.39780121,13.1889911,11.28187869,7.512527111,3.825443123,10.1
9.697695301,10.65549237,11.67315175,9.218796767,11.10445974,15.30978749,14.68123316,11.50853038,6.150853038,11.6
11.74394548,13.16782281,12.8879153,10.87379822,11.43361324,13.53291956,11.98125837,9.042229524,5.336497505,10.3
9.883138564,10.25041736,14.15692821,13.5114079,13.27768503,13.02170284,11.99777407,8.78130217,5.119643851,11.2
8.563102443,10.58058731,16.57326459,16.16976762,13.8533961,13.59934245,9.930508855,6.702533064,4.027497572,9.0
11.96657472,12.34788252,11.17150738,10.94434529,12.19373682,13.47558007,13.46746714,9.938341717,4.494564336,10.2
11.44132125,12.52702765,11.41371854,10.80185858,12.31540691,14.90086028,12.96867093,9.016883655,4.614252197,10.5
13.86833566,14.23082667,12.76185563,14.21996552,13.23024288,12.73062981,10.0682895,6.060523779,2.829330546,7.3
12.81475639,13.03318973,11.16437109,11.2493174,11.7650628,13.9311935,13.4093805,8.488562587,4.144166009,10.6
10.08850616,10.00478412,8.545628513,8.934337998,9.639995216,14.73507954,18.94510226,13.49718933,5.609376869,12.6
13.24554964,12.56652597,12.9198018,12.7064599,12.30959809,13.1308497,11.58469444,7.590842356,3.945678106,9.3
14.05950678,14.50326148,13.42176095,12.23356531,11.46730037,13.20837072,11.31453236,6.324110672,3.467591358,9.7
12.31884058,10.82608696,10.95652174,9.565217391,10.1884058,14.92753623,15.42028986,9.608695652,6.188405797,12.3
9.345584939,11.07126849,9.524876737,8.191393994,10.51098162,16.30434783,15.72164948,12.66248319,6.667413716,12.5
12.27480183,12.53903435,10.74945952,10.55729042,11.6982945,14.14845064,13.66802786,9.079990392,5.284650492,10.8
9.583600256,11.63356823,9.609224856,9.98078155,10.19859065,14.10634209,16.79692505,12.59449071,5.496476618,11.7
11.85715496,12.63661781,10.86588156,11.08192832,11.16241633,13.94560705,14.94535288,8.358044565,5.146996526,10.9
11.87210201,12.54829985,10.49072643,11.02202473,12.55795981,14.31607419,13.41769706,8.945131376,4.829984544,10.6
14.45448999,13.77225581,12.10272339,10.11148705,10.14476676,13.18431416,13.63913695,8.153530423,4.437295468,11.2
11.25269371,12.43324276,10.98098004,10.69989694,13.23901434,13.92298323,13.69811674,8.891595615,4.881476623,10.6
13.32276633,12.88479186,12.80136815,11.33311087,12.12146492,13.48127138,11.67514808,8.480020022,3.900058397,10.3
12.05047633,12.96324006,10.44939897,9.915706519,11.29233378,13.2275924,14.17527059,10.75365355,5.172327797,12.0
12.5,14.446875,15.8484375,12.01875,11.1828125,12.528125,10.5375,7.15625,3.78125,8.5
10.82486995,10.9858806,10.39137974,10.35422343,11.19643299,14.7634382,14.04508298,10.81248452,6.62620758,11.2
13.11755119,12.2448304,14.15911174,13.88000407,12.13201589,12.55169604,11.77574615,6.567179383,3.571865132,7.6
13.00980611,12.78694005,11.78961444,11.73946958,11.33273902,13.07109427,12.27434812,8.613773122,5.382215289,10.8
11.8754668,11.34478557,13.42426982,15.05562326,12.98793192,12.62628248,12.02484374,7.115059554,3.545736861,9.9
12.17499444,13.13034813,11.49718747,13.46225118,13.0117525,12.86103722,11.62484249,8.41452467,3.823061909,7.9
12.03605,13.1698808,11.17356333,10.52427561,11.13479988,14.75918209,12.59811997,9.96220564,4.641922667,12.0
10.88213119,11.6235235,9.198291028,9.876853481,11.07062076,14.41316914,15.33048505,11.3596381,6.245287761,12.5
13.0220034,13.28422816,13.61377032,12.65254045,12.09756327,13.09558288,11.40716852,7.029189138,3.797953864,8.8
15.90524535,15.16424529,13.22130813,11.6109458,12.23525293,11.838497,10.11144174,6.336425696,3.576638077,9.3
10.68179201,11.8852931,9.835310377,9.23068064,11.10215363,13.39974663,15.20211908,12.09259473,6.570309801,13.3
9.922132135,11.11824677,9.40033716,9.231757245,10.12282251,14.33732038,16.12747853,13.13317813,6.606727141,13.3
13.21627562,13.0399223,11.62909574,11.93324132,11.82589582,13.4130757,12.87634821,7.759546082,4.306599192,9.3
10.10058423,11.91953261,8.709269409,9.913870987,11.09438053,14.00951635,15.51526833,12.02192375,6.715653798,12.1
13.63642118,14.77331713,18.62458379,14.16013606,11.72977832,10.62157908,8.657542802,5.146838509,2.649803132,6.9
12.30200567,14.30894102,14.33307506,11.90442923,11.95523772,12.99300113,10.83872115,7.508224624,3.856364398,8.5
12.03389831,11.7257319,10.78582435,9.845916795,11.84899846,13.8366718,14.42218798,10.0,5.500770416,11.5
13.11817971,13.80078941,11.61365219,11.19108428,12.47271883,13.74506617,11.7622475,7.731599721,4.564662178,10.3
11.52786286,11.3358128,14.21920345,16.54534295,13.93121836,12.8628537,10.43807931,5.766181312,3.373445256,4.7
7.266121708,12.62488647,10.44504995,8.174386921,9.990917348,16.71207993,19.80018165,10.35422343,4.632152589,9.7
8.130411599,8.531599929,9.547266587,11.41609324,12.07119823,14.82111571,17.35012569,12.36066323,5.771525785,8.4
11.04187567,12.38021932,18.10115197,11.67321064,10.22935621,11.47991836,12.7079946,7.849309856,4.536963365,7.1
8.72330161,9.940353493,9.091706504,9.94254638,9.854830928,15.03442831,18.92460857,12.78452699,5.703697206,8.6
14.61598927,15.39741989,13.27969668,12.98377029,11.453276,11.88791788,10.50076294,6.413279697,3.467887363,7.1
11.80188052,13.07764201,12.14512069,13.29221059,13.67013993,13.9995566,11.38221985,6.835852428,3.795377386,5.4
11.56748599,11.38062383,12.60960184,14.60399598,11.63216904,12.86833405,13.60859566,7.794307891,3.934885727,8.3
9.895216019,12.01239786,10.07090488,10.85442474,11.90698455,15.5791439,15.9410105,9.272176129,4.467741428,6.8
15.87650845,15.21299276,15.20323813,13.99215607,11.50281577,11.02323009,8.998793242,5.189058729,3.001206758,6.7
14.59692659,14.53987949,13.12083289,12.39348237,10.88173423,12.36852426,11.29889115,6.931222591,3.868506436,7.5
10.60327191,11.95104603,16.49153425,13.03410499,11.57853827,11.62766823,13.48140761,7.485352672,3.747076034,7.1
16.23081281,15.15121517,15.0164717,13.58324121,11.18095772,10.88562205,9.015712738,5.50083321,3.435133396,6.8
11.64174126,10.82448435,9.568021349,12.08094735,10.45199311,13.64874632,15.69466837,9.634736198,6.4546617,8.0
16.05294147,15.61514512,15.52370523,14.18043097,11.67386291,11.09801464,8.661699176,4.827803079,2.366397402,6.6
15.3640844,14.30572255,17.24231333,15.48101952,12.32773542,10.72367639,7.664865293,4.382754383,2.507828707,6.0
11.72688018,11.11646112,10.39576279,11.17859029,10.60700196,13.86722997,16.05417663,10.35693206,4.69696499,9.2
9.697422245,9.590286345,17.41120706,16.4502305,13.62249205,12.11609636,11.2622557,6.483345237,3.366664502,6.7
11.95636879,12.26200379,15.40814632,14.86162313,13.35979017,12.9236621,10.03733802,5.665518581,3.525549111,5.5
15.27474758,14.83078796,14.14709016,13.26678167,11.85435588,11.27276879,10.14003755,6.178649348,3.034781064,7.2
9.8726826,12.1217256,8.690394584,10.04097571,13.93520908,15.56653547,14.41351582,9.902721188,5.456239939,6.1
8.79171198,8.871844771,10.40009158,10.11390304,9.461393166,14.84746151,18.44198958,12.65525728,6.416347089,9.1
11.83138141,11.67499943,10.7561126,11.82453257,11.65102847,12.5345296,15.44871356,9.818962172,4.4597402,8.2
15.9190581,17.1244518,15.25885757,13.39690281,11.52730515,10.84381198,8.387531163,4.867432169,2.674649246,6.6
10.61866241,10.36800729,9.604648513,10.23128632,10.34522046,13.23914777,17.3179902,12.47578899,5.799248035,10.1
9.775438596,10.72280702,14.09824561,14.28070175,12.75789474,14.72982456,14.13333333,6.673684211,2.828070175,6.1
14.61223066,14.44670955,14.20749597,13.95909953,12.23937887,11.53941514,9.940908277,5.620830406,3.433931597,6.3
10.65149874,12.43248671,12.26177582,12.49919307,12.79184031,13.61455203,12.63260578,8.196274486,4.919773055,6.3
8.946196437,9.905111539,8.822821377,10.83694431,10.78077355,13.95943669,18.70887498,12.17701814,5.862822982,7.9
11.79067084,12.71343592,14.24119765,13.41764889,13.37835157,13.80415623,10.54542921,6.321469644,3.787640052,5.5
11.48775655,12.90935498,10.55782922,12.26710484,13.17388573,13.56966443,12.41615774,8.770211803,4.848034715,5.9
8.987449479,9.950010636,8.721548607,10.14145926,9.205488194,14.37460115,20.123378,13.11423101,5.381833652,8.5
13.39169351,14.58050938,14.10600312,13.42148021,12.46100186,12.2278087,9.855930288,6.403284208,3.55228872,6.0
12.97600545,12.89917098,14.31061503,14.81224549,12.48313568,12.60636934,10.55630364,5.948441733,3.407712649,5.8
13.6210735,14.82847718,13.36919252,13.75270163,12.73867754,13.179063,10.1093651,5.442254254,2.959195281,5.6
14.43040003,14.70793695,15.66276156,13.92703915,12.34111391,12.0763786,9.35401176,4.976416039,2.523941991,5.8
12.23599943,12.09072659,16.09851634,15.09569404,12.49409278,12.32459284,10.20600808,5.911889941,3.542479969,5.3
8.151997328,6.867390086,17.14436123,20.76089233,13.67828779,12.15831451,10.60720816,6.181330345,4.450218215,4.6
14.66253023,15.27542317,14.07886695,13.57850822,12.41450323,11.97273669,9.530066697,5.508861903,2.97850291,6.3
9.523256223,12.65131509,16.49730643,11.52776311,10.47216647,12.1481638,13.81958382,8.614485405,4.745959649,6.3
11.32916204,11.16659844,12.64331521,15.14986128,13.88872646,13.5875095,11.25080405,6.706430423,4.277592603,5.0
12.46061268,14.28827372,18.47816593,12.0342107,10.69297041,11.23649858,10.19803954,6.351911531,4.259316906,5.9
11.95337459,12.23878363,14.35158472,15.59608169,13.94339301,13.0460835,9.633561626,5.673085359,3.564051879,4.5
10.44247142,13.69309584,16.55065541,11.55493975,11.77444349,12.79320341,12.8701391,6.928223733,3.392827843,5.7
11.77849367,11.76071984,12.03788047,12.3789158,10.54765608,13.2831593,14.06854032,9.340702066,4.803932459,7.7
9.106126548,8.202209575,7.96786073,8.771342484,9.943086709,14.99832608,20.99096083,13.82658185,6.193505189,9.5
10.93449822,11.32787485,9.758942457,10.64175281,9.996798097,12.86021407,17.66764248,11.53371146,5.278565548,9.2
12.16811088,12.17169342,14.01065807,13.90967511,12.02122657,13.43588366,11.99010322,6.79407089,3.498578178,5.7
10.36940285,11.70695801,12.13400754,12.95110233,12.14360866,13.73859368,13.97882154,8.544391149,4.433114241,6.2
14.79388522,14.91519875,14.18313433,13.67823723,12.06005656,11.91237052,9.638151014,5.653719888,3.165246492,6.5
13.93184377,14.3161135,13.65293832,13.05794002,11.60246676,12.2439493,10.34222732,6.727819269,4.124701726,7.0
13.01708492,13.15789474,11.77795857,11.47130609,10.89867952,13.64603542,12.69635146,8.791225984,4.543463296,8.7
8.9668927,9.668927004,8.304746709,10.00398883,10.42680495,15.04587156,20.15955325,12.12604707,5.29716793,10.3
16.76637452,16.87520527,14.54146194,13.50338406,11.55924192,10.64952851,8.452521246,4.962853727,2.689428821,6.9
9.077907552,9.448284714,11.10214709,11.64121088,10.50807679,13.26757,17.23903995,11.74572324,5.970039788,8.3
12.18331616,13.28406389,13.71428034,12.82587926,12.57534076,13.62097473,11.24508941,6.663595651,3.887459796,5.9
11.46328627,15.65687271,21.46655294,12.47912961,10.85260063,10.63119306,9.050488186,5.297448368,3.102428224,5.1
15.9262439,14.07593444,15.0741277,14.6423034,10.8378929,11.23896413,10.03575044,5.553491114,2.615291962,6.5
14.4355576,14.52913642,14.25719131,16.25536271,13.34406527,11.73407988,8.788203209,4.450561473,2.205842131,5.0
13.76251274,16.72361086,18.51585446,12.21003417,9.476712821,10.52568483,9.842354493,5.886231493,3.057004136,6.4
12.70164231,12.98971922,13.88942208,15.41994579,13.60917669,12.50892562,10.56440653,5.565903734,2.750858012,4.7
9.625862695,10.10533963,8.398111151,10.57028696,10.67925899,14.94369778,19.96367599,11.7907737,3.922993098,7.6
12.10599721,12.05020921,10.43235704,10.48814505,9.511854951,12.77545328,14.50488145,9.874476987,8.256624826,9.8
7.650459028,8.789527372,16.67800068,15.07990479,14.85889153,12.63175791,11.88371302,7.820469228,4.607276437,8.0
9.624691025,14.00707806,17.8895847,12.70002883,12.79939156,12.6153865,11.24546888,6.006538313,3.111832138,4.6
11.63902002,13.56634472,13.3093681,14.61879394,15.02013946,12.45614795,10.17367578,6.041838105,3.174671922,4.5
7.919308933,8.708243871,10.95521047,12.52808708,11.83901733,13.7464423,17.89584062,11.17990713,5.227942278,7.5
15.24520256,12.63326226,9.061833689,11.94029851,9.648187633,13.85927505,14.65884861,7.356076759,5.597014925,7.6
7.850078084,8.714211348,9.380530973,12.55596044,14.20093701,17.02238417,18.06350859,9.318063509,2.894325872,6.0
13.7195122,15.13414634,11.20731707,11.17073171,10.24390244,12.25609756,13.2804878,8.536585366,4.451219512,8.7
9.587251829,11.18077325,9.561128527,9.587251829,8.803552769,13.84535005,18.49529781,12.90491118,6.034482759,11.6
6.025947422,7.101399795,19.46056675,18.7435985,17.19016729,12.7005804,9.474223284,6.094230113,3.209286446,7.2
7.004440856,8.17521195,7.448526443,7.731126363,8.942268874,15.68429552,26.52402099,14.08962455,4.400484457,8.9
10.40609957,11.53684619,9.446580299,10.27687139,10.34148548,13.28142668,17.20673279,11.51746196,5.986495655,9.3
11.45428002,10.07226878,17.8932912,20.43679483,13.30887156,10.31330427,8.914405185,4.86397615,2.742808015,4.6
9.932497589,11.62005786,8.244937319,9.691417551,11.62005786,14.41658631,17.26133076,11.8611379,5.351976856,9.0
12.73484725,15.66066469,10.28105818,13.26522277,16.07930544,14.47825985,9.966275352,5.343431279,2.190935188,4.1
11.26688851,12.56341716,13.23259324,16.05113378,15.47651519,13.66173877,11.09959449,5.167930464,1.480188388,4.7
10.41777642,13.60246557,9.021383456,10.19709307,13.10783045,18.30149912,15.73700632,7.252111711,2.362833879,5.8
13.41643133,13.52219495,16.58331652,14.47014524,11.72883607,12.04136408,9.973019769,5.537811547,2.726880491,5.0
8.604568834,9.40630141,12.19674726,14.24585077,12.62572624,13.9022511,14.50615356,9.58955457,4.922846255,7.9
13.94344989,13.62891082,12.37075456,14.48050862,13.15375606,12.92287101,11.67809938,5.36222185,2.459427807,5.5
7.302728312,9.753308283,8.086913903,11.90981866,16.4188858,19.39225617,18.49371018,6.861623918,1.780754779,5.6
8.367149758,10.47987118,12.01932367,13.66827697,12.41223833,15.31723027,17.56521739,7.813204509,2.357487923,6.4
8.952800649,13.29583672,20.57868491,13.88727821,12.53044184,11.4287371,11.57369825,5.73466311,2.017859214,4.8
8.384710234,9.987669544,8.754623921,8.754623921,9.494451295,14.0567201,19.11220715,16.15289766,5.302096178,8.2
8.157932937,9.769197271,7.824067354,8.883727682,9.420815793,14.39976775,20.33676876,14.03687037,7.170852083,9.7
9.363831308,9.149392423,10.00714796,11.07934239,12.72337384,15.43959971,17.9413867,9.435310936,4.860614725,8.1
10.52973547,11.43988708,12.80589005,14.91590447,12.90033487,14.0186787,12.71764963,7.058199034,3.613720695,5.1
13.52133044,10.62906725,11.35213304,9.544468547,9.689081706,14.24439624,14.82284888,8.676789588,7.519884309,8.6
13.70933966,13.8629066,10.90325283,12.00614268,10.12145749,12.77397738,12.56456792,8.390339243,5.668016194,7.8
10.68507157,11.70756646,15.77198364,15.5291411,13.08793456,12.67893661,12.69171779,5.393660532,2.45398773,6.4
10.1616054,11.89841946,12.70467057,14.17510211,12.38678743,13.52690464,14.68122891,7.313088261,3.152193216,5.7
10.50958867,12.68836408,18.58164203,13.23641011,11.51752549,11.45818474,11.88212874,6.74516002,3.380996126,5.0
9.701441081,11.735503,11.70102737,10.90808798,10.28752672,13.20416466,16.00358547,10.99772461,5.460939116,8.5
10.83778966,10.73083779,14.79500891,14.50980392,12.01426025,13.51158645,10.76648841,7.771836007,5.062388592,7.2
10.49795615,11.37588257,15.58900037,13.8563731,11.77536232,12.54180602,12.06800446,7.227796358,5.067818655,7.0
11.67635944,12.92042792,12.73179424,13.06206635,11.032133,12.43285228,13.34534323,8.157590711,4.641432833,7.0
8.891752577,6.701030928,7.087628866,10.95360825,10.05154639,15.46391753,21.77835052,13.78865979,5.283505155,7.8
14.19472247,13.80042463,11.54837731,13.20897786,11.43463755,13.26963907,12.7540188,6.634819533,3.154382772,6.8
11.99632999,12.03073629,10.21484823,11.4305375,10.70035935,13.22348803,16.07921095,9.519076382,4.805413258,8.2
11.68095892,11.94864263,9.759795329,11.31851992,10.82342351,13.27047899,15.12294499,10.34017151,5.735064197,8.5
14.92751593,13.57237902,13.24672596,13.29224736,11.18075495,12.11219273,10.8551019,6.31346733,4.499614819,6.9
12.55967882,14.5453559,11.74587674,11.31727431,10.74761285,12.13650174,12.96115451,8.512369792,5.474175347,8.6
7.283260915,9.476515622,7.014276847,9.621353197,12.22842955,15.53900269,22.49120629,12.62156011,3.724394786,7.3
7.647122225,8.999784436,8.024358698,11.0314723,12.62664367,19.51390386,21.09290795,8.945893512,2.117913343,6.4
13.06579561,13.48576762,10.40597294,11.03593094,9.566028931,12.36584228,13.22911806,8.189454036,8.656089594,7.8
7.782729805,8.880222841,12.22284123,14.4178273,14.10027855,15.11420613,15.35376045,9.086350975,3.04178273,5.3
14.36205196,15.10194015,12.10950345,11.52581388,10.62150608,12.03551463,12.38079579,7.456428806,4.406445248,7.8
11.93703777,13.25740618,12.85986307,12.62527682,11.50606761,12.55185669,12.82703293,7.845805801,4.589653135,7.2
12.68939394,14.61489899,11.61616162,13.82575758,10.66919192,13.36805556,12.70517677,6.628787879,3.882575758,6.6
12.10666667,13.03111111,11.57333333,12.26666667,10.56888889,12.64,14.34666667,8.871111111,4.595555556,7.6
9.330431741,10.90040026,13.27089729,14.84863794,14.23464035,14.07531186,14.30070338,6.699568647,2.339408542,5.2
11.04778606,12.58220079,8.110477861,9.776413854,10.50708753,14.89112962,19.62589508,10.31711238,3.141896829,9.4
6.955380577,6.824146982,10.62992126,12.72965879,13.91076115,14.82939633,18.24146982,11.94225722,3.937007874,7.4
8.75350995,10.21853254,12.40385789,15.23623489,15.83445245,15.21181785,14.49151508,6.31180564,1.538273715,5.1
10.85540599,11.07251411,9.248805905,11.11593574,9.986973513,11.98436822,16.76074685,10.6817195,8.293530178,9.3
8.923791402,8.652884832,16.44789886,17.33479537,14.61605444,13.40987519,12.86806205,6.31792821,1.428709646,4.8
8.475860144,10.26193039,8.950285054,10.08651278,11.46991987,17.95239804,20.31654906,9.739664314,2.746880357,7.0
12.34467305,12.38541454,11.22428193,11.9372581,10.59278876,13.11876146,14.44286005,8.046445305,5.907516806,7.8
14.57087861,14.62432987,13.68447845,14.98512591,12.73762746,11.76595982,9.910755476,5.218497956,2.502346447,5.2
15.2994012,13.78243513,11.19760479,12.25548902,11.02794411,11.76646707,11.51696607,8.133732535,5.01996008,7.4
11.48361504,13.76900118,11.9320042,11.99695282,13.28140976,15.16947563,11.30264891,6.641393566,4.423498898,5.5
11.01762412,12.56854229,13.04978061,13.11139166,12.27079289,14.28446606,11.78305741,7.188441319,4.725903638,6.1
8.830496215,11.45871869,10.61227645,10.50405552,11.84743058,16.93933555,15.38945729,9.293195885,5.125033819,6.9
8.672133364,11.62943657,11.81138663,11.40630186,12.00993349,16.38472603,14.14292915,8.69364773,5.24950517,6.3
10.52237588,12.73023017,13.72519298,12.6992141,12.02572235,14.29141111,12.01044752,7.332384972,4.663020918,6.5
10.15015893,11.89801487,14.13165707,12.15365239,11.45308564,14.86858282,12.88832914,7.910144536,4.546374595,6.7
8.602513898,14.67125185,18.50769608,10.79372652,10.87588871,14.14514879,11.68359605,6.988424407,3.731753699,5.7
10.25489844,12.74406761,12.94487597,12.70048792,12.34159638,15.24178181,12.72612303,7.070163296,3.976005537,6.8
12.56454775,13.22934752,14.18482218,12.54382526,11.30551666,13.01484178,11.39344721,7.965275833,3.798375805,7.4
11.67010825,12.75031958,13.87522683,13.57933975,12.21575621,13.94048289,11.51188465,6.718156382,3.738725451,5.8
10.1833518,10.06559493,9.766405276,9.848835079,9.829208936,13.79935975,18.15505526,12.94714898,5.405039994,9.8
11.84972703,9.320597049,19.36351795,20.38607455,11.70879273,10.44081116,8.770668584,5.059256465,3.100554484,4.1
10.37761709,12.81949651,24.5480745,12.69021618,9.860125354,10.2716739,10.20351465,6.029501104,3.199780705,6.1
12.77728796,13.26750132,13.7612414,13.79650855,13.19344031,13.24986775,10.65773232,6.27049903,3.025921354,7.9
12.17894402,11.24741617,13.38679994,13.34038546,11.87401167,14.12565372,12.24910544,7.502415172,4.095268421,8.3
10.92600606,10.49689889,14.3155921,14.20020193,12.58834559,13.19774989,11.83109765,8.12058272,4.323525169,9.6
9.601255929,10.68595239,11.09711166,10.89371013,10.82669151,15.21708171,14.86473128,10.48992291,6.323542471,9.1
11.57482857,11.70910079,12.49725818,13.5855806,13.42132776,14.36215574,11.34528459,7.113608643,4.39085514,7.3
10.48193597,11.57194762,12.86076644,13.63542881,13.51888668,13.45033249,11.94899568,8.103105505,4.428600809,9.6
6.123849988,7.150347571,7.840625304,7.28061925,8.360630926,13.68447226,20.11967697,18.85533898,10.58443875,12.6
7.813883687,8.543287658,8.283027669,7.955167682,8.865739645,13.46321546,18.55417126,17.5111033,9.01040364,13.0
11.80763819,13.77735199,11.81411752,12.88227998,13.20532045,14.21146655,12.07329038,7.175848791,3.052686142,7.5
9.000813764,9.941662615,9.52368371,9.573090825,10.29728816,12.58111221,14.48394665,15.19599036,9.402411701,10.5
11.93991745,12.1498376,13.16256046,12.3072777,11.50021985,12.9880998,12.90867055,8.700338993,4.3430776,9.2
10.20832778,10.99789272,14.23084105,13.41993651,11.28597722,11.93416736,11.45669396,10.5844381,5.881725306,11.8
9.77245509,10.09580838,11.16167665,11.8742515,11.18562874,14.79041916,14.49700599,11.43712575,5.185628743,12.6
13.10876559,11.74755126,15.23520256,14.78834033,11.99287294,13.02562354,10.92444492,6.093365369,3.083833501,7.1
11.80633466,12.51307308,16.0004944,12.57994384,10.73735319,12.93141151,12.07445156,7.434381081,3.922556682,7.5
8.336976987,10.32685804,8.932156656,9.080282331,10.60972454,13.55796086,17.72689552,14.50114664,6.92799843,10.6
8.980913429,8.571915474,12.79822768,12.866394,11.41785958,13.70995228,15.85719155,11.400818,4.396728016,10.7
12.00156883,12.26739879,12.20203077,11.97760056,12.60295463,14.04758792,13.15422495,7.774436746,3.972196801,9.4
11.19631902,12.69719544,13.29425942,10.62116564,10.76358457,13.72699387,13.35451358,9.21340929,5.132559159,10.4
7.264645876,9.654619644,11.53453804,12.67851938,12.36519965,12.40891868,13.56747304,13.76420869,6.761877004,12.1
8.444691908,8.741648107,13.14649839,12.97946053,13.26404355,14.5756001,14.42093541,9.941846078,4.485275922,9.3
10.37037037,10.90146751,16.92522711,11.72606569,12.09643606,13.21453529,12.55066387,8.266946191,3.948287911,10.4
14.175078,14.7990457,14.65222977,11.48467609,11.84437511,11.48834649,9.932097633,7.285740503,4.338410718,10.5
14.86909231,14.01963615,14.42872269,13.31696987,12.17874675,12.26056406,9.120223313,6.437096929,3.368947926,9.6
9.48733398,10.71804679,10.23969822,10.21350169,10.94910015,13.49749823,14.90739528,12.93427292,7.053152752,10.8
9.24362574,9.447564122,9.454203976,9.256905448,8.773144635,11.38640158,15.02693884,16.68974806,10.7214676,13.6
12.47877357,12.62861128,14.23479074,14.5634872,13.28252446,12.9051812,10.3378969,6.282883565,3.285851089,6.8
10.75114237,11.41346203,13.18991631,11.75232325,12.65595318,13.61605997,12.84078657,8.836063049,4.944293269,11.1
8.372243716,9.49095691,9.168238964,8.862038078,9.541778633,13.44107539,16.77561574,15.117557,9.230495575,11.0
9.938929717,10.81668564,13.10837387,13.65283097,13.32160232,13.00072456,12.44177621,8.77548908,4.94358762,10.1
9.280515118,9.497480403,10.51231803,11.33818589,12.50699888,15.36254199,15.62150056,10.73628219,5.144176932,10.0
9.780119102,13.07833257,15.76958314,13.12414109,15.12826386,11.70407696,10.43289052,7.043060009,3.939532753,9.9
10.15498114,10.84138627,10.39004755,10.82034811,11.26832073,12.86217198,14.19627204,12.68909802,6.777374157,10.0
9.375041412,10.15690224,10.50065597,10.60733359,10.67452061,12.87154954,15.00576457,13.66295172,7.145280343,10.1
10.26625459,14.02657076,24.20222768,12.0737636,10.23001552,10.52813314,10.0173674,5.855344579,2.800322733,5.9
10.52489576,10.80941869,10.59112092,10.21584498,10.67451558,14.48368899,15.72479765,11.79789061,5.177826833,11.8
9.128532577,10.60659808,15.7739151,15.53742462,15.46647747,13.23164243,10.59477356,6.479839186,3.180796973,8.9
10.27038696,10.45928005,12.96346268,12.54789789,12.64504291,13.4653786,14.02666091,8.958929246,4.662960764,11.1
9.669119044,10.38431829,10.15258766,10.39242253,10.9161591,13.57156425,15.07920629,12.61627686,7.218345975,10.2
10.08369979,10.32982663,10.53956225,10.28315698,10.21009676,12.47829722,14.87261686,14.03561894,7.167124566,11.2
